79
97
102
129
130
131
132
133
135
186
199
212
220
221
227
230
233
236
240
244
245
247
250
251
263
336
370
376
423
425
480
482
489
490
559
570
580
582
584
587
588
598
602
619
620
634
636
638
642
644
648
652
653
680
709
714
719
722
724
426
741
759
762
782
785
795
824
826
829
831
849
862
885
912
916
937
949
995
1019
1027
1039
1043
1085
1092
1144
1158
1193
1208
1215
1311
1319
1410
1479
1651
1652
1653
1743
1744
1745
1746
1747
1748
1749
1779
1859
1882
1895
2112
2118
2119
2207
2249
2248
2249
2250
2251
2252
2253
2255
2309
3374
3682
3711
4102
4104
4388
4389
4791
4792
4918
9088
9378
9970
9971
9972
10013
10014

