50
86
87
362
408
416
420
421
658
779
788
1042
1441
1899
1900
1915
1916
1917
2063
2066
2089
2090
2091
2092
2093
2094
2095
2096
2097
2098
2140
2141
2142
2278
2894
2895
2896
2897
2898
2899
2900
2901
2902
2903
2904
2905
2906
2907
2908
2909
2910
2911
2912
2913
2914
2915
2916
2917
2918
2919
2920
3152
3274
3275
3276
3277
3278
3281
3282
3299
3670
3671
3672
3673
3674
3675
3676
3680
3681
3687
3689
3690
3694
3696
3697
3703
3704
3717
3828
3829
3830
3831
3832
3833
3834
3835
3836
3837
3838
3839
3840
3841
3842
3843
3844
3845
3846
3847
3848
:
3898
3979
3980
:
4000
4007
:
4033
4040
:
4047
4377
4380
:
4384
4413
4415
4419
4421
4459
4491
:
4500
4605
4635
4636
4637
4648
4847
5048
5134
5135
5147
5158
5363
:
5383
5400
:
5409
5440
9088
9293
9360
:
9365
9417
:
9461
9554
:
9557
9833

