TRAIN_VAL SET:
00005
00017
00020
00023
00037
00042
00064
00067
00071
00075
00092
00123
00228
00248
00268
00337
00346
00348
00354
00375
00379
00388
00391
00393
00405
00409
00414
00422
00432
00442
00444
00449
00451
00456
00495
00544
00557
00572
00574
00597
00614
00630
00635
00650
00661
00705
00725
00740
00748
00758
00763
00774
00776
00792
00809
00872
00880
00900
00902
00906
00917
00924
00941
00943
00948
00967
00978
00990
01012
01025
01033
01038
01040
01058
01060
01065
01069
01071
01073
01086
01095
01097
01105
01107
01112
01114
01116
01120
01129
01134
01136
01146
01160
01175
01177
01191
01194
01202
01211
01222
01229
01238
01240
01245
01253
01256
01270
01275
01280
01296
01307
01310
01316
01318
01321
01324
01328
01334
01345
01358
01363
01367
01371
01375
01384
01386
01392
01398
01400
01404
01407
01421
01429
01433
01437
01442
01445
01453
01457
01465
01468
01472
01482
01484
01488
01490
01492
01496
01498
01500
01502
01504
01506
01654
01687
01706
01719
01765
01785
01802
01865
01869
01876
01885
01910
01918
01975
01982
02001
02011
02024
02027
02034
02060
02065
02086
02148
02152
02210
02244
02261
02272
02283
02297
02300
02313
02331
02358
02360
02370
02373
02376
02384
02390
02426
02469
02526
02628
02675
02688
02695
02708
02739
02745
02752
02770
02869
02920
02925
02932
02941
02989
03009
03037
03043
03073
03094
03117
03133
03162
03165
03174
03199
03208
03216
03219
03225
03239
03270
03285
03294
03297
03300
03303
03307
03310
03334
03367
03377
03387
03390
03421
03429
03438
03447
03454
03485
03496
03535
03538
03542
03546
03548
03576
03587
03619
03622
03624
03714
03748
04409
04429
04465
04475
04513
04565
04594
04698
04714
04723
04725
04732
04738
04817
04891
04998
05030
05065
05107
05119
05153
05234
05299
05381
05391
05433
05474
05498
05510
09000
09013
09056
09109
09117
09128
09150
09156
09162
09171
09177
09183
09195
09234
09272
09284
09307
09314
09344
09369
09461
09539
09712
09740
09758
09776
09838
09848
09864
09880
09945
09975
09994
10029
10065
10067
10069
10110
10126
10183
10222
10226
END OF TRAIN_VAL SET.
VIDEO SET:
02773
03152
